{
    "length": 70.507,
    "str_em": 0,
    "str_hit": 0,
    "rougeLsum": 19.19626653246302,
    "mauve": 50.42808113408849
}